0 0.6995100078453705 0.49193152264176665 0.02002553981066806 0.09880707812512571
0 0.9529941897990223 0.46683246914783544 0.02473837959804219 0.10522395059321815
2 0.5211786643547547 0.49949149021594236 0.006011581727587975 0.026134197679304624
0 0.5759247378978233 0.4965562698215068 0.005410457118871128 0.04075050554250107
0 0.7180505412349991 0.49607162560623486 0.024521697078191372 0.09215921732168228
0 0.5640381976166815 0.49445554678499326 0.006412464933064128 0.03469359761957528
0 0.9135658523155554 0.4781919663091013 0.022388389035427867 0.09419754850228923
0 0.9733890186892908 0.465716996129444 0.023914796087331876 0.10116296224098496
0 0.8152661864653011 0.4650443715445666 0.007685611234947386 0.032375738243910435
0 0.8382325797816251 0.4631718521031736 0.008665120461689796 0.034315143811044134
0 0.8972252600182674 0.458972798646711 0.009297388975694288 0.035969053241239