3 0.2478705991123357 0.8113079241975342 0.032535680096083985 0.0679667150201034
3 0.33265074157723523 0.818253296208482 0.017176575502288922 0.07666854839402826
3 0.37966786463154734 0.8180462134046406 0.020883081008654075 0.08920071383050467
0 0.9449845905705633 0.6804664767518328 0.11003081885887318 0.6390670464963325
0 0.7425353644009501 0.8279190630359247 0.16083489069208368 0.31082536852492354
2 0.5377493232164313 0.8084524197147621 0.07269492674327845 0.3830951605704701
3 0.3522693426391407 0.8069832755226578 0.012270773017270298 0.0576607021170424
3 0.24610148945935734 0.8145949735364149 0.017052562880066964 0.07335866811319386
3 0.31140546787385714 0.8074481221125778 0.016532823414481552 0.05747929178416091
3 0.30500315805399586 0.815135141535204 0.022757725797173535 0.06756020518639944
3 0.2063649197151884 0.8297373877762041 0.03189608581040785 0.02379961773611804
3 0.17879093047744227 0.8331921709959634 0.037813403404334575 0.02149642892294536
3 0.3271929214797889 0.8099153747473399 0.0174920101399924 0.062193844372254316