3 0.3338114837972364 0.820729676616361 0.01656176228121244 0.07379859952248806
3 0.30724043157091985 0.8167711776644979 0.02220528585131095 0.06660763540010003
2 0.5322975365576462 0.8069007162406501 0.07555927133457674 0.38619856751868886
3 0.21054839986119842 0.8306187056960836 0.029979523807826505 0.023484148998375354
3 0.1825318210645991 0.8369554586864447 0.03818820294568385 0.018838008782764436
3 0.25172488528307624 0.8165981263857068 0.01615117881053179 0.06893628663972848
3 0.2523055937363856 0.8149673428981998 0.030060700299124648 0.06626464164445273
3 0.3791626891772998 0.8213875517638484 0.01924940113530816 0.08304014926400495
3 0.35250825432828536 0.8104526451608801 0.013171106904761753 0.0541030860449795
0 0.7851531528821077 0.71608040201005 0.060661030919200346 0.3969849246231151
0 0.6883052545602903 0.8233601622367402 0.11821655170377272 0.2527109990893362
3 0.32548505574310693 0.8105570549162939 0.014520966211374199 0.052752646524739016
3 0.3156992016372538 0.8111185542210755 0.016415005605435944 0.057242070829212253