3 0.9922749185175758 0.7982867495061328 0.015450162964841136 0.04500172777251372
3 0.981026254500351 0.7985829305120723 0.022836370605039527 0.04197881388588054
2 0.7711258988632425 0.7749715211286385 0.012554262230801472 0.041194472558155566
3 0.372779228216502 0.8021134638116715 0.051068382759235954 0.09358248111007217
3 0.3304859763978785 0.7923936795581433 0.043508103573751684 0.08004028864912618
3 0.2947499771660647 0.7752080203099051 0.022197843745280017 0.0644909575359296
3 0.22361332004606702 0.8159269270911886 0.06822658669834034 0.14974731745452388
3 0.1106216675970913 0.775020085692792 0.05461655555002834 0.10107215172986553
1 0.1781160408985859 0.7996102849502159 0.09855810612999444 0.14230044429619293
3 0.18511454740725258 0.8357220607433951 0.1190815146040161 0.2075448685569159
3 0.026941716407784734 0.853569197008057 0.05388343281556947 0.2612906025895253
0 0.4489321522813765 0.7706231420422347 0.00965288443667297 0.048681752145618686
3 0.44125984917262295 0.7722718368848657 0.017273916098795326 0.0376187506151544
2 0.48868948257831357 0.8070818295651047 0.06457621243971803 0.3742118434281231
3 0.05222147938989959 0.9836190178405169 0.07106871749661478 0.032761964318966996
3 0.2940263779875147 0.87988101714238 0.09317699786935447 0.03293585889599015
3 0.311735458174034 0.8624443540226298 0.1067993686094659 0.046497683147280006
3 0.41417566586465715 0.8046345481561921 0.028334527311971894 0.020686841973847667
3 0.3073191701621989 0.8066991794672805 0.04250180701246624 0.01839259484750002
0 0.4616678618631003 0.7723997820559353 0.00950698314752546 0.04821846038798423