3 0.3317821141375801 0.8158082034018809 0.048775836957362456 0.09856733708447234
3 0.38033751812014444 0.8243037539343672 0.06468995651165152 0.12231697676023517
2 0.4930331375920662 0.8217937037398031 0.060918306713664244 0.3564125925203944
3 0.1414697375180947 0.8644466253980844 0.11309919793526568 0.22929802466729454
1 0.09869189354823775 0.8390928115505247 0.15568165126444294 0.21047972377693092
3 0.30070332970930336 0.8006488687966208 0.031249999999999997 0.07426358315010077
2 0.8712901579877574 0.78230225582828 0.02149712947620911 0.04903228554500993
3 0.23350237482119784 0.9612208644742856 0.14436912258201642 0.07755827105142159
3 0.27257559529357545 0.9313398436022717 0.14935110081929887 0.08336673293359309
3 0.31259862519915815 0.8356299238937541 0.047092394497044526 0.026296348261872528
3 0.5556539169448304 0.7927972726109693 0.020040751400501496 0.0329812219201536
3 0.04786681232958199 0.8064053446210896 0.03829346238071019 0.12055347752404748
3 0.4677364308251583 0.789268670908545 0.010488439348931672 0.03789366479441621
3 0.4362711052240336 0.8271623654508542 0.04026207362976976 0.028269915377765784