3 0.31084722990310243 0.8329494685311382 0.058152793139538334 0.11219523335857205
3 0.3638020833333332 0.8429648313931462 0.07968749999999994 0.1507444776011067
3 0.2852635696426002 0.8116089520790003 0.02426452738146548 0.07877345971355651
1 0.047179510766337834 0.8799439386765906 0.09435902153267567 0.2040425836584764
2 0.4919034012963281 0.8138032257325699 0.058812762130244556 0.3382950227059646
2 0.9186912651302075 0.7681195768584408 0.02277037252425136 0.052390295020798595
3 0.5629995204852225 0.7894365170867613 0.020879108261356208 0.039154209823935957
3 0.293094581441546 0.8527717532176199 0.06261794585813306 0.03224464338441777
3 0.1332133643442821 0.9768325656796242 0.1776178206791068 0.04633486864074298
3 0.23794994920495352 0.9836970168591832 0.10521925246751428 0.03260596628162475
3 0.412752700851273 0.8023479391713793 0.012518459868079717 0.051727930265698774
3 0.4360979368214757 0.8357304988195918 0.04364544116168318 0.023458014887933133