3 0.2686555231564964 0.8364132009916428 0.0750657882535868 0.14207897719220983
3 0.39348958333333334 0.809722222222222 0.024479166666666666 0.0824074074074074
3 0.32533013775578756 0.8551962829186439 0.10101691422840268 0.18569402968312013
3 0.25539404303306373 0.8106439512930054 0.032693880740600596 0.08798553872569422
2 0.4854227405247737 0.8061224489795867 0.056573435880762926 0.3287643729900908
2 0.9640508635200448 0.7578087526905891 0.028635304139189376 0.05493355729067523
3 0.2548865098400015 0.8601735853794059 0.06520489594876669 0.03386608295813621
3 0.32610072940725154 0.8274687936664665 0.054096443972491824 0.1275992811045932
3 0.426965273231635 0.8326784839240314 0.039133348686375156 0.033464183587172056
1 0.34993695457574864 0.8185885208114949 0.06935023764864223 0.10215395439638934
3 0.5595013145921555 0.7826206724815244 0.021390014996621857 0.03734764523219681