3 0.17080507509767504 0.8347516810581426 0.056699767610512604 0.12973722013587738
3 0.42365882481339606 0.8463436716278713 0.054803771777114464 0.04829876591341971
3 0.21067834667361723 0.8756072746976996 0.12453926378512334 0.2355008539685382
3 0.1233833931995245 0.930926704413787 0.12298212939498677 0.054796138048305194
2 0.5217660204555135 0.7934919332792816 0.05418115417802907 0.300366165466519
1 0.26927875071570123 0.8503112068197776 0.14106000262965024 0.19921198824595837
0 0.4735691169906107 0.7832928437554828 0.013981811861185361 0.08521969057246691
0 0.4919609402928847 0.7747949203483273 0.016694863262451183 0.09719311815872646
3 0.025455949170808925 0.868951278550329 0.04915678153648833 0.26209744289934167
3 0.0737149081984926 0.8798720156255854 0.13689912298014978 0.2402559687488301
3 0.3752226064886268 0.807184694143005 0.029669510183046633 0.0902538012637856
3 0.3926946592078515 0.800738297154218 0.03692207527731607 0.077360404395827
3 0.36467344044693556 0.8235945710513444 0.04021868040239292 0.12307355508045735
3 0.2736868592909666 0.8206637033911777 0.027032231255317386 0.11721301008216736
1 0.32712158873160346 0.796663652662416 0.03316038419209548 0.08369699414502277
3 0.5870257553121542 0.7711707061915795 0.025869417487797575 0.04537275908374326