0 0.030173720954129565 0.8251735877595504 0.06034744190825913 0.34965282448089297
1 0.07264009181500469 0.8677808739049948 0.05556058047914302 0.194467406708951
0 0.16207396471982405 0.802005681864678 0.03391500294640718 0.13913895621279768
0 0.1156841527962928 0.807548704665664 0.04054737980321481 0.14321919568985098
2 0.502469934878413 0.7221173330225475 0.017548776032542727 0.09008269023142963
1 0.5341448294571436 0.7294722695071191 0.021993865527118746 0.05652610920151819
1 0.43620892198073946 0.7470648721746099 0.015309581238856465 0.028608429721339257
0 0.3878395795657122 0.7468449762134263 0.009800699635254966 0.054239796998425946
0 0.3163884182665442 0.7313706329907143 0.01245567310772035 0.04745018326750611
0 0.29897589565677185 0.7483171270148236 0.010167896414465609 0.03163345551167069
0 0.4421874178237234 0.7357658255995652 0.007618283910118745 0.0435226809401303