1 0.3416020777302855 0.756582167495279 0.055630731860516966 0.081623613288502
4 0.49227579108592695 0.7174265241290574 0.00728153120058832 0.036645001624559734
1 0.7498629867690298 0.7312144572950444 0.03297179023596496 0.0749703798897066
1 0.6254201637818898 0.7313337868963287 0.04344483521688048 0.09846723340668571
0 0.5787520755498106 0.729331845876847 0.02355411996554112 0.12555541162874767
0 0.5453870891806276 0.7279340709548687 0.028759123341150983 0.13028571981844866
1 0.7297745975913809 0.7265445237836043 0.036599522953152205 0.08215641402984514
1 0.6710536476401249 0.7325759453443021 0.03710053147176291 0.08107094547465024
2 0.47885479902402617 0.7199337380338048 0.011194315973484123 0.055020231097681886
0 0.06863237272271108 0.7526770275235986 0.017821630255203228 0.06810926497436642
0 0.30043534880125217 0.7261568311592385 0.006814152744636595 0.036377362971334856
0 0.29536235641025194 0.7270916156905516 0.006830675377822976 0.03387873505451104
0 0.97558103441512 0.5707321837918841 0.048837931169757036 0.3675950208500998