4 0.1774988425276367 0.4999999999999993 0.3012017952397375 0.9999999999999986
0 0.7975948082828979 0.6192950585349571 0.17362278545769028 0.6871697694500792
0 0.6699525958585517 0.5938311094962004 0.10720570768742999 0.6572495708600595
0 0.4073810396337399 0.48801789801754625 0.04840939978083839 0.2125679225853202
0 0.44370522252126693 0.46495062024035383 0.012163802417135836 0.06115723315623085
0 0.5458945924384644 0.47813431743204804 0.015215469337640331 0.08108775061306056
0 0.4767054302818067 0.4677100125498693 0.01454795796903826 0.0753945615602916
0 0.48939520081214316 0.4632731550693597 0.008636848166787415 0.05049044134273765
0 0.49542387250454284 0.46310079590722003 0.006216305548219617 0.045026868532196014
0 0.5021261408530322 0.4650609316613847 0.0067980208408330725 0.04546389873389942
2 0.5668709714408966 0.4889951755958652 0.02790449765538385 0.1683736232403879
0 0.5070192386052184 0.463669545341927 0.005729468302666516 0.03333512697870279