0 0.3920584393026457 0.49491727889847714 0.040693169268570986 0.18865577823256402
2 0.5413707318399821 0.48348031441810735 0.029401602468264246 0.1491951181700894
0 0.6057442094077277 0.5279876746627894 0.053391799396823814 0.3013975227274767
0 0.6705387323620918 0.5161942351137714 0.05528946740279257 0.27711921452291877
0 0.3340557478578862 0.49266563749293957 0.029779575246201288 0.14091794757593323
0 0.42244590600790694 0.4767160886020892 0.01760818798418498 0.08261065896076944
0 0.4743639627458615 0.48072624292096805 0.023727925491722087 0.14595492156547307
0 0.5731834669592969 0.47673306816305894 0.013685118960244764 0.09098202954838222
2 0.5000761564417465 0.4739162737675647 0.013317826922323021 0.06992430296223376
0 0.5170744234886258 0.4723637819236826 0.009966156940860999 0.044617922549042024
0 0.4881666471649037 0.4767672595995364 0.009909288212595095 0.0772228244035538
0 0.22712280931063794 0.4810023972221073 0.013833053391400934 0.04485507346232288
0 0.24037853145644839 0.47784557898866764 0.008553455225805725 0.03338374236439672
0 0.07125569053809029 0.5029849521167689 0.02527936641109293 0.05638445355688968