0 0.5809837665851576 0.44858075336581793 0.027830416465760822 0.14615550394978935
2 0.42028586855544275 0.4895572519864826 0.12656796359014758 0.3456739110812667
0 0.5939309853230479 0.4508392737716903 0.02267647845648775 0.11450171138421181
4 0.7228965190275659 0.4333498635168747 0.03192845264993965 0.13368285273904093
2 0.7655495840562009 0.438887500055211 0.018406569701251374 0.08243392704646013
2 0.8277738123662611 0.4388565775879954 0.015480386042371558 0.06740723785583283
0 0.1687404091176326 0.48572758089565893 0.025222720588189265 0.08592297383268972
0 0.22208455592100304 0.4821292092709241 0.022876346299301364 0.07762554223906581
0 0.5173444256895123 0.452350198247483 0.010194909680636976 0.054532364958180916
0 0.48774753453753983 0.45691069528052225 0.015075574967535062 0.07077706774460894
1 0.0342783018769818 0.7098718963773346 0.0685566037539636 0.2613170104662155
0 0.3393679093062324 0.47365828424484957 0.020705999526523154 0.060059481846953776