1 0.032836377473556555 0.6558175752532814 0.06567275494711311 0.40239767986502595
4 0.8460524111610827 0.43280839935448884 0.012450943309506902 0.0480865816974349
2 0.9010035156858602 0.43669671851441266 0.011984359184812216 0.05074554560425289
2 0.8795776802296372 0.43436027306132 0.011153615625024397 0.051230029494690174
2 0.7470523117866327 0.4501100024641257 0.030703704401665078 0.12132942047783775
4 0.6863309657606975 0.44425549888611565 0.04569463356398451 0.19222986439937326
0 0.17533995815899467 0.5380291642197806 0.07675022499887571 0.241650278328888
0 0.12389264005451867 0.5531593179931329 0.07549781205401611 0.3557631045513519
0 0.21255450171309867 0.49922449731818147 0.017460154279617317 0.07718389673834104
0 0.5553898187596219 0.4614719373759499 0.012027916875777513 0.0551380242997492
0 0.5438631985435474 0.46540529717361423 0.014232460309464758 0.06732575855386194
0 0.5339042147554094 0.4515109006666655 0.009312805282316 0.04486969889076568
0 0.5237205169178281 0.4633369871943843 0.014623354735399446 0.06351060324108576
0 0.4890821225966502 0.4647363607475205 0.014248396921671246 0.0658271533788346
0 0.4766327412644926 0.4715086507321677 0.011937509978413762 0.05569589791520901
0 0.4691641550203741 0.46316442368280053 0.008998987529476633 0.06385573026425227
0 0.3748802813430978 0.48507729358279916 0.011687996928428248 0.055774301132148665
0 0.6669932929375704 0.45207735778805586 0.022369369580778956 0.12228583859587965