0 0.9598657323763606 0.37120644510536366 0.023455671734333553 0.10696156464698679
3 0.19900182757111864 0.48478884493743896 0.08710719973633464 0.1745274812005447
0 0.9834644493919025 0.3672904667456013 0.03287440306280219 0.1298413854676097
4 0.08154658981156222 0.4351559764146393 0.16309317962312445 0.6024913944510558
0 0.29928811466568517 0.4241251949485495 0.013893008067053826 0.0734005767169147
0 0.6334836417236157 0.4122895010878254 0.054206284208077916 0.21970078989265857
0 0.7840505862774225 0.37863626431795616 0.010820532166617885 0.06057915146762821
0 0.7328322238471608 0.3853014014936351 0.016085690208939525 0.06525932438042659
0 0.7062289669631457 0.38456815065789995 0.014023422233434247 0.07112533106630764
0 0.691809214250274 0.3913077421287076 0.015473508756875814 0.07084466316792025
2 0.5183509228711664 0.44773412289870995 0.18236084155823915 0.3760737438531618