0 0.7035104230314734 0.3611845955801901 0.02217644195195236 0.1030071675159478
2 0.5032571760828332 0.4173098538431498 0.1303924776062612 0.35234752170194783
2 0.3221009036144572 0.4724270019818622 0.19334364928322692 0.4203678190305601
0 0.026842018450159825 0.46375839155875104 0.039830113117905706 0.11896233958955961
4 0.8026790554598164 0.34140775498939 0.016138083754552453 0.09981380214786509
4 0.7757016229380421 0.34973809496652963 0.029442779588579885 0.15493868987590573
0 0.8195573507211901 0.34498487094921926 0.013372392681081336 0.05229467796961693
0 0.6895820645125588 0.366466786917554 0.01562559832423748 0.08193806732856514
0 0.4416474415771107 0.39931021441521125 0.015956803924037574 0.07284532710452261
0 0.4276034245269233 0.4060038193816883 0.011139793286436866 0.06381859023608126
0 0.4180840245247684 0.3997733381024329 0.0107840052188342 0.07797418950422474
0 0.4634760875066884 0.3918821968623694 0.010745798127817608 0.0642252610390783
1 0.7621466790546465 0.36910105587541864 0.017864176525912018 0.0754263482050467