0 0.898351674471837 0.4024396911946674 0.01769152138382356 0.08606165059023217
0 0.8811337991443451 0.38945259336834553 0.02236644584699112 0.09266168384009568
0 0.7516801934954418 0.41556834940744897 0.017651867059632072 0.06700157262855323
0 0.7661162986861156 0.4150176890954166 0.01903839922558493 0.05538460966549681
0 0.2565848938714356 0.4309284304555709 0.02011137364542119 0.0896868790816523
0 0.4384356328560216 0.4376033489412949 0.019783171817620585 0.11519257176655193
0 0.3849400142936109 0.41158301670735453 0.012918514300195985 0.057055975847488026
0 0.28521803601067935 0.43547337365227634 0.022156598083938592 0.10362470488488192
3 0.3565122316338092 0.47889771491594446 0.06291188732318082 0.1662385091223245
0 0.007090406009104067 0.4281144745251178 0.014180812018208134 0.07043842033916178
2 0.18981610586079486 0.48158677946159223 0.3217157854686478 0.5681860028988676
4 0.9436353479897871 0.3694560637533917 0.11272930402042582 0.47971206658148746