0 0.7602745501468604 0.4897753829951938 0.021507350736066418 0.09441670646596431
0 0.7179778754234016 0.48734207636075216 0.01778034674071173 0.08211937689904641
0 0.6674776087549992 0.4631575229009998 0.007542560332908295 0.031069625219567954
0 0.6631544339300396 0.4639751446173042 0.00625480612972865 0.02485570017565429
0 0.6492153980081992 0.4651198150201307 0.005758171637872332 0.026334069857200788
0 0.6782395545958562 0.4620128524981737 0.006622735902065813 0.025509797548697862
0 0.5398209461291832 0.4735093675337086 0.012099167362510243 0.05586266816586389
0 0.5261773168785839 0.46854521524463794 0.005944543365652338 0.033450509274319945
0 0.4210280818610636 0.4737176874256887 0.011393097829634748 0.050533848848424434
2 0.16388950337185768 0.49034039784640604 0.12503957958185158 0.2815918068204575
4 0.488385184201398 0.5103059142836016 0.10007599567409944 0.36764790068783654
2 0.8308731266652437 0.6129715627775083 0.3382537466695126 0.7740568744449822