3 0.012387218108543768 0.7561608643728205 0.024774436217087536 0.020216893718037126
2 0.2585902234308682 0.6526236998292684 0.016281836366014664 0.05347501385231324
0 0.22978059242647852 0.6599008176845877 0.012295475123024237 0.04578134642506262
0 0.21826394173207284 0.662118429711684 0.010747689282772876 0.05021657047925129
0 0.36270668563145514 0.6235747215763681 0.014157948036789032 0.054909555686397174
0 0.35233730982729783 0.6274224254466386 0.010287990285314708 0.04789106914067027
0 0.465824338342472 0.6030314111240505 0.013716005311490413 0.06055310107196884
0 0.4876077709940903 0.6015696794229338 0.013812679927451353 0.05324879334961205
0 0.5203741951303462 0.5900310806092564 0.010164392211509742 0.050752449696839286
0 0.5090784074409129 0.5928953866468075 0.010090493060980336 0.048527347087247534
0 0.49771411231826845 0.5979303476346381 0.009014204701577839 0.05367950749199208