0 0.1718705690056333 0.45351133046206443 0.015257052282701338 0.1172129096004354
0 0.17377770119861033 0.4583548295413835 0.03977731619517815 0.11721292876414767
0 0.3481481614190055 0.45690245588974276 0.013533470127653687 0.03428479099005614
0 0.5583508583926224 0.468291806917528 0.011200765284671151 0.032750997708921974
0 0.5905614266734567 0.4799366061029222 0.013919174026291899 0.041484597097967896
1 0.5576057367111367 0.5079569257397488 0.0536297617129233 0.055312839324565315
0 0.7847483389335299 0.5190403503281122 0.03321851832849947 0.08420829102431608
1 0.1490092343945224 0.4676543598914767 0.029885285409391314 0.05458504417480479
4 0.2723082653076884 0.47175425132592297 0.08426323732409217 0.3819097631302069
0 0.6300381192120519 0.5092518945403394 0.015473981740697055 0.06663363989080388
0 0.4930074137774689 0.48479918265380584 0.011691453799125421 0.022618758495043488