0 0.718366 0.49461799999999995 0.0220505 0.0913306
0 0.697759 0.492793 0.0183376 0.0953776
0 0.952504 0.469887 0.022193499999999998 0.103797
0 0.9117770000000001 0.478191 0.0216906 0.09057399999999999
0 0.976765 0.466629 0.0255894 0.103758
0 0.563769 0.4941420000000001 0.0062727 0.0352272
0 0.8382920000000001 0.463767 0.00869141 0.0335975
2 0.521375 0.49993299999999996 0.00556927 0.027197700000000002
0 0.8146790000000002 0.464178 0.00868454 0.0337101
0 0.577133 0.494876 0.00578613 0.037518
0 0.896287 0.45810900000000004 0.00888926 0.0352889