0 0.7413630000000001 0.828432 0.164053 0.319879
2 0.537387 0.8046139999999999 0.0752555 0.38256
0 0.9455410000000001 0.679063 0.108917 0.640295
3 0.379266 0.818405 0.022165 0.0887139
3 0.24730899999999997 0.81125 0.0338686 0.0690893
3 0.30475500000000005 0.813642 0.0241235 0.071264
3 0.29925099999999993 0.8096599999999999 0.0362902 0.0640228
3 0.35318800000000006 0.8074189999999999 0.013565100000000002 0.05670739999999999
3 0.329949 0.81829 0.0190043 0.0814515
3 0.205547 0.8334629999999998 0.0301048 0.0162228
3 0.17588 0.8336940000000002 0.0359154 0.019378
3 0.418041 0.826234 0.0318802 0.0216176
3 0.24573448981789953 0.814444165739527 0.017736820364202027 0.07254822339957137
0 0.5880249999999999 0.757519 0.011916 0.0267818
3 0.3264637339578011 0.8103523814062187 0.021551951861043035 0.06010130366478164