2 0.533979 0.80644 0.0792458 0.385915
0 0.686881 0.8121489999999999 0.12138600000000001 0.275519
3 0.37887600000000005 0.820865 0.0194732 0.0831039
3 0.307352 0.816311 0.0223775 0.0668777
3 0.3003970000000011 0.8132735593818992 0.03542950000000003 0.062285681236210914
3 0.252424 0.814197 0.0311252 0.0662603
3 0.3516270000000001 0.811205 0.0130271 0.0544288
3 0.33274100000000006 0.8211179999999999 0.0184484 0.0764754
3 0.210419 0.8350250000000001 0.0284392 0.015971
3 0.18103999999999998 0.8352960000000001 0.0356955 0.0186286
3 0.414199 0.830402 0.029654899999999998 0.0204319
3 0.25082421125829724 0.8160537624724152 0.016790477483412822 0.07115992494482173
3 0.3273633599337822 0.8133072547461226 0.01762931986756284 0.06078680949224406
0 0.7987400530503974 0.7197170645446502 0.09350132625994564 0.4078986147951655