3 0.0282698 0.853052 0.0565396 0.262432
3 0.222193 0.816599 0.0672025 0.154869
2 0.4895030000000001 0.807625 0.0694817 0.380825
3 0.186719 0.8340410000000001 0.119269 0.211706
1 0.17643700000000004 0.8005170000000001 0.096131 0.142588
3 0.330607 0.79179 0.0421618 0.0815816
3 0.372487 0.799734 0.0517523 0.096024
3 0.294312 0.7761800000000001 0.021755499999999997 0.0627726
3 0.11116 0.7752340000000001 0.0506712 0.10199
2 0.7708850000000002 0.776443 0.0133713 0.0386156
3 0.980999 0.798772 0.023982999999999997 0.0449599
3 0.0572854 0.983026 0.0702715 0.0314213
0 0.44809699999999997 0.7709609999999999 0.00977459 0.049081799999999995
3 0.29554 0.8802949999999999 0.09122520000000002 0.0425405
3 0.2765945702917773 0.8592159999999995 0.07847945941644575 0.0416039
3 0.307618 0.808791 0.040774 0.0236226
3 0.3483609999999999 0.8739009999999999 0.0347146 0.038404
1 0.366605 0.795653 0.0511589 0.058849799999999994
3 0.992754 0.802547 0.0144926 0.0537014
0 0.460992 0.769482 0.0114384 0.0539042
3 0.4142100000000001 0.8037849999999999 0.0304121 0.021059800000000004
3 0.43971999999999994 0.7723389999999999 0.0126332 0.0358039