3 0.33205999999999997 0.8169999999999998 0.0512881 0.0986869
3 0.141851 0.8677713465959329 0.115488 0.22830630680813452
2 0.492714 0.8145560000000001 0.0634003 0.349354
3 0.38024 0.824907 0.0655861 0.126118
1 0.0984789 0.840727 0.152655 0.20879
3 0.23346600000000003 0.9593510000000001 0.146842 0.0801598
2 0.870314 0.7838629999999999 0.0187042 0.0471839
3 0.235918 0.9230409999999999 0.0907833 0.0713769
3 0.317662 0.9379780000000001 0.0588726 0.0633036
3 0.300616 0.800102 0.0300325 0.0723448
3 0.311322 0.837021 0.0511663 0.0278236
1 0.37986400000000003 0.809053 0.05685359999999999 0.0802088
3 0.555355 0.789124 0.0198055 0.0364997
3 0.44028500000000004 0.825162 0.0327625 0.024347300000000002
3 0.468647 0.789352 0.0107645 0.036343
3 0.0550384 0.8050750000000001 0.0542599 0.115883
3 0.41721300000000006 0.828673 0.0120045 0.0225803
3 0.07970579999999998 0.986431 0.0529503 0.0244856
3 0.4143235473533459 0.7970918047051608 0.014951705293306116 0.05248510941032508
3 0.5634840000000001 0.7863999999999999 0.0189784 0.0330855