3 0.36467999999999995 0.843662 0.0796072 0.147019
2 0.491223 0.813022 0.060117500000000004 0.340385
2 0.918797 0.7681190000000001 0.0225014 0.0522909
1 0.046858 0.8769390000000001 0.093716 0.215355
3 0.311992 0.8326549999999999 0.0599153 0.116154
3 0.5634050000000002 0.7891429999999999 0.021026599999999996 0.0390576
1 0.371091 0.8213920000000001 0.0649918 0.0921978
3 0.288689 0.8122990000000001 0.0288515 0.0785078
3 0.292464 0.854226 0.0550957 0.0308933
3 0.13440200000000002 0.975904 0.17865000000000003 0.0461832
3 0.43965000000000004 0.834371 0.0365953 0.0246233
3 0.412606 0.8021379999999999 0.0147041 0.0543201
3 0.469679 0.796472 0.00898247 0.0322181
3 0.5736012697545821 0.7855749824403714 0.02182173950916254 0.03266086488074459
3 0.25119099999999994 0.9812810000000001 0.08741119999999998 0.0356906
3 0.220758 0.979425 0.146029 0.0382411
3 0.4037888387984825 0.8139769000393055 0.03501602240303946 0.0756437999213892