3 0.325256 0.855232 0.102444 0.182984
2 0.48542900000000005 0.8052369999999999 0.0611653 0.332221
2 0.9637819999999999 0.7571430000000001 0.0281389 0.05748290000000001
3 0.267481 0.838493 0.0741913 0.141761
3 0.255095 0.810835 0.0335091 0.08624740000000002
1 0.34582499999999994 0.8218450000000002 0.0747748 0.109421
3 0.560089 0.782696 0.021785299999999997 0.0396932
3 0.427075 0.8338750000000001 0.0406208 0.0272712
3 0.393256 0.811344 0.0231919 0.0842336
3 0.31809899999999997 0.827846 0.0608803 0.127812
3 0.25386600000000004 0.859574 0.0662906 0.0327275
3 0.461586 0.789621 0.00920181 0.0378313