3 0.20981199999999997 0.873653 0.125754 0.241372
2 0.52109 0.7933 0.0563845 0.303697
1 0.269008 0.854089 0.140425 0.196987
3 0.04162066631299734 0.8795749999999972 0.08181913262599466 0.2396869999999997
3 0.170407 0.83313 0.05900910000000001 0.13094
0 0.49137300000000006 0.775586 0.0178934 0.0987973
1 0.3345179999999999 0.801077 0.0455178 0.0767338
3 0.422684 0.850453 0.05651029999999999 0.0375726
0 0.47306700000000007 0.782501 0.0145834 0.08704269999999999
3 0.116955 0.9248990000000002 0.10845 0.0611528
3 0.587776 0.7722590000000001 0.0263039 0.0482031
1 0.5487069999999998 0.765069 0.0182306 0.023633
3 0.393028 0.833957 0.0385656 0.0264971
3 0.38232900000000003 0.812899 0.0188209 0.0987505
3 0.11792799999999999 0.9830199999999999 0.0556563 0.0319061
3 0.35670900000000005 0.869978 0.053206 0.0396852
3 0.3699160000000001 0.8096870000000002 0.021521 0.08583199999999999
3 0.353586 0.815564 0.02346 0.102655
3 0.39848800000000006 0.8345130000000001 0.0265316 0.0232964
3 0.03323207214854111 0.8801564999999998 0.05774751458885939 0.2396869999999996