0 0.545868 0.7272879999999999 0.0289807 0.129354
1 0.625329 0.730474 0.0436394 0.10048300000000002
0 0.578496 0.728817 0.0231758 0.127656
1 0.34171300000000004 0.757804 0.0543442 0.08179730000000002
1 0.729571 0.726945 0.0375439 0.0807872
1 0.672236 0.732321 0.0346012 0.0818105
2 0.47887899999999994 0.7195899999999998 0.011461999999999998 0.0537265
1 0.7495040000000001 0.731538 0.032946 0.0774563
4 0.492286 0.716394 0.00778999 0.0394313
0 0.0692248 0.75275 0.0196674 0.0700317
0 0.9743569999999999 0.634736 0.05128649999999999 0.719975
0 0.296047 0.7279429999999999 0.00732975 0.0352693
0 0.9821340000000001 0.631524 0.0357317 0.721978
0 0.301408 0.7258720000000001 0.005636369999999999 0.0309547