0 0.7975600000000002 0.616728 0.172906 0.6805109999999999
0 0.670706 0.596 0.108661 0.66526
0 0.40785200000000005 0.4875 0.0498453 0.21123900000000004
4 0.1775746445623342 0.5000000000000001 0.30610119098143235 1.0000000000000002
2 0.5655280000000001 0.487677 0.0322208 0.17255000000000004
0 0.47735799999999995 0.46657600000000005 0.013967399999999998 0.075899
0 0.44356900000000005 0.4651870000000001 0.0115072 0.0635541
0 0.546488 0.47828200000000004 0.0138144 0.0846984
0 0.48931800000000003 0.4639750000000001 0.00794506 0.0503239
0 0.5016149999999999 0.46614599999999995 0.00701923 0.04102700000000001
0 0.506996 0.46464700000000003 0.00556297 0.0370105
0 0.49534800000000007 0.46439199999999997 0.006572249999999999 0.0465303