0 0.602966 0.527547 0.0611963 0.299995
0 0.670542 0.516583 0.0568332 0.278466
0 0.391093 0.49518 0.0414611 0.18713999999999997
0 0.334183 0.493068 0.0302987 0.138193
2 0.541038 0.482796 0.0300508 0.151091
0 0.473075 0.482166 0.0273453 0.147064
0 0.422426 0.477902 0.0171805 0.08550940000000001
0 0.0714736 0.5012209999999999 0.023568800000000004 0.0578844
0 0.488541 0.4776329999999999 0.0103001 0.0730838
2 0.5000190000000001 0.47505 0.0128843 0.0708805
0 0.22779800000000003 0.47889300000000007 0.011460599999999998 0.0429257
0 0.517002 0.47114399999999995 0.0109378 0.0453308
0 0.573839 0.4777310000000001 0.0149597 0.0928429
0 0.239934 0.476224 0.00914777 0.0318607