2 0.41967999999999994 0.489259 0.125812 0.347437
4 0.723469 0.432901 0.0320301 0.135664
0 0.16871199999999997 0.484804 0.0254187 0.088935
2 0.764821 0.4388 0.0176427 0.0825419
0 0.5806670000000002 0.449826 0.0282326 0.144256
0 0.222193 0.481537 0.0234346 0.0757075
0 0.594089 0.451115 0.021952800000000005 0.114854
0 0.487824 0.45547399999999993 0.0129755 0.0675327
2 0.827812 0.43900100000000003 0.0160416 0.0689543
0 0.33617099999999994 0.47007800000000005 0.0139778 0.0538466
0 0.5181059999999998 0.45252300000000006 0.010837900000000001 0.0541826
0 0.346154 0.47351999999999994 0.00883875 0.0423588
1 0.0345844 0.7077666651930453 0.0691687 0.2664618511641629