0 0.12450099999999999 0.553331 0.0781993 0.360511
0 0.170411 0.54576 0.08725710000000002 0.260518
4 0.687743 0.444128 0.0439529 0.191793
2 0.7478179999999999 0.450135 0.0308271 0.122324
0 0.524422 0.46373900000000007 0.012762799999999998 0.0665536
0 0.21065 0.49918499999999993 0.0212807 0.0811604
0 0.6674069999999999 0.451606 0.023152400000000004 0.122558
0 0.375273 0.4822370000000001 0.013076 0.0521998
0 0.477992 0.4742279999999999 0.011324099999999998 0.0636303
0 0.469188 0.46322899999999995 0.00853329 0.0643538
4 0.846159 0.432025 0.0130791 0.0498867
0 0.54352 0.462554 0.013368999999999999 0.0621179
0 0.489809 0.46903899999999993 0.013016300000000001 0.0687892
2 0.8997319999999999 0.43680199999999997 0.013082500000000002 0.0532491
0 0.38457399999999997 0.48593800000000004 0.0095294 0.0429643
0 0.556998 0.460746 0.0102568 0.05556760000000001
1 0.0331983 0.661644 0.0659936 0.4198549999999999
2 0.879561 0.433838 0.0127065 0.05234649999999999