2 0.517314 0.44693200000000005 0.18364799999999998 0.378253
4 0.08192689999999998 0.442268 0.163503 0.631673
3 0.198738 0.483947 0.0864436 0.173751
0 0.632046 0.4125960000000001 0.0571558 0.220317
0 0.95982 0.372209 0.0241058 0.10753699999999998
0 0.983832 0.36611899999999997 0.0285431 0.12933
0 0.6936329999999999 0.390417 0.013044400000000001 0.0711967
0 0.2987560000000001 0.42396 0.0166626 0.0740085
0 0.783898 0.37830499999999995 0.011821900000000002 0.0592105
0 0.706824 0.385788 0.0134566 0.0684023
0 0.732237 0.386652 0.0124243 0.0633772