2 0.5026549999999999 0.416244 0.130221 0.356025
2 0.321959 0.473053 0.194368 0.418878
0 0.028169199999999995 0.462587 0.040162 0.120052
4 0.775494 0.349298 0.0298604 0.154274
0 0.7033020000000001 0.360838 0.021895100000000004 0.103568
4 0.802355 0.341934 0.0167905 0.0989491
0 0.41733400000000004 0.40095699999999995 0.0129208 0.0788501
0 0.6894249999999998 0.367425 0.014346900000000001 0.0811451
0 0.46403099999999997 0.390868 0.0123817 0.0636966
0 0.4287480000000001 0.40845800000000004 0.0120346 0.0654241
1 0.761921 0.3699299999999999 0.018933 0.0740955
0 0.442616 0.39823000000000003 0.0129754 0.0705297
0 0.8189379999999999 0.34594 0.012830699999999999 0.0536107