2 0.190278 0.480553 0.323525 0.567603
4 0.9433409999999999 0.37170100000000006 0.11330400000000002 0.482346
3 0.3566309999999999 0.485768 0.0635667 0.153091
0 0.4374080000000001 0.435341 0.0213339 0.116736
0 0.7514349999999999 0.409719 0.0168748 0.05510190000000001
0 0.28724400000000005 0.434413 0.023564700000000004 0.0983277
0 0.7663109999999999 0.414829 0.0171399 0.0552895
0 0.8817100000000001 0.39067599999999997 0.020945000000000002 0.0949268
0 0.384725 0.41370000000000007 0.0131648 0.052356
0 0.0070865599999999996 0.426931 0.0141731 0.0674907
0 0.8989930000000002 0.40182 0.0163364 0.08564829999999998
0 0.257563 0.43199800000000005 0.021614299999999996 0.08859820000000002
0 0.339497 0.41814599999999996 0.0240212 0.0540965
0 0.297673 0.429998 0.0190692 0.08988049999999999