2 0.162932 0.48977899999999996 0.12835 0.281725
2 0.8307380000000001 0.612697 0.33842 0.774607
4 0.48835999999999996 0.509681 0.0973874 0.368336
0 0.718236 0.488015 0.0191513 0.0830806
0 0.76093 0.489864 0.020200700000000002 0.0941411
0 0.53961 0.47307399999999994 0.0132793 0.05587070000000001
0 0.42046300000000003 0.472533 0.011517 0.0525162
0 0.6491220000000001 0.46484000000000003 0.006149989999999999 0.026252900000000003
0 0.667655 0.4633939999999999 0.00627575 0.027062
0 0.6783860000000002 0.46299500000000005 0.005583 0.0234506
0 0.42852099999999993 0.46826900000000005 0.00816307 0.047330899999999995
2 0.03116710875331565 0.4868847627468317 0.0623342175066313 0.14500442086648974