0 0.30147000000000007 0.49871799999999994 0.0798416 0.35527200000000003
4 0.599958 0.42946399999999996 0.05812930000000001 0.173492
0 0.36104299999999995 0.47245600000000004 0.0496794 0.23787400000000003
2 0.7873120000000019 0.42376790799239095 0.09022570000000008 0.17766418401521886
1 0.931008 0.5156228470648124 0.136977 0.2154746941296256
2 0.508078 0.44011399999999995 0.020986700000000004 0.107288
2 0.538228 0.439681 0.0146492 0.0799969
0 0.38782199999999994 0.437475 0.0260085 0.155716
2 0.62721 0.4364680000000001 0.010085600000000002 0.04124350000000001
0 0.472947 0.452608 0.00766535 0.037505
0 0.488876 0.448623 0.00718727 0.044085
0 0.4967349999999999 0.44693399999999994 0.007258610000000001 0.0460931
0 0.4838199999999999 0.45233199999999996 0.00531292 0.0368421
0 0.667148 0.427228 0.00701599 0.027754600000000004