0 0.229819 0.659726 0.0116061 0.0450971
0 0.218052 0.661759 0.0105553 0.0481255
2 0.2576 0.652474 0.014942600000000002 0.0538154
0 0.46474600000000005 0.602684 0.012332100000000002 0.0594862
0 0.362744 0.623573 0.0144671 0.0537142
0 0.35271300000000005 0.628373 0.00969976 0.051397
0 0.520184 0.5889650000000001 0.010132 0.0519477
0 0.508539 0.5923469999999998 0.00867043 0.04580229999999999
0 0.48661499999999996 0.600313 0.0120164 0.05619
0 0.496807 0.597488 0.010321 0.054061500000000005
3 0.011949299999999998 0.7292680000000001 0.0238987 0.0742964
3 0.012006399999999999 0.756773 0.023599899999999997 0.0193444
0 0.4979595107947085 0.6089277367771055 0.010320999999999999 0.036645781324409196