0 0.064017 0.606385 0.0187471 0.0682122
0 0.150597 0.5948509999999999 0.0171517 0.0562895
0 0.0463195 0.6107710000000001 0.0172887 0.0613768
0 0.46948000000000006 0.532538 0.0128037 0.0697521
0 0.22973599999999997 0.573445 0.012505800000000001 0.048679
2 0.42763699999999993 0.527377 0.007745489999999999 0.0395083
0 0.243397 0.571143 0.0116946 0.0443806
0 0.632721 0.504023 0.0100791 0.0426684
0 0.638344 0.499574 0.00978915 0.0482256
0 0.43903400000000004 0.521502 0.0051918 0.025461500000000005
0 0.4476629999999999 0.519447 0.00459499 0.0199064