2 0.683363 0.42401799999999995 0.0291764 0.131218
4 0.6425680000000001 0.42253100000000005 0.0297021 0.153244
0 0.7526209999999999 0.400523 0.0335536 0.12057999999999999
0 0.727449 0.398611 0.0174568 0.0908758
2 0.7077480000000002 0.397715 0.0083697 0.0383743
1 0.760518 0.424009 0.0169069 0.0730143
0 0.45048499999999997 0.43458399999999997 0.010126699999999999 0.0399031
0 0.515906 0.420644 0.00643292 0.0328751
0 0.560231 0.414221 0.006277849999999999 0.0333722
3 0.655782 0.44020500000000007 0.011130499999999998 0.0161098
0 0.12297712381587578 0.47564775929119546 0.016929703314062898 0.08360347315586615