4 0.270617 0.47202200000000005 0.08387159999999999 0.385406
0 0.7852510000000001 0.519181 0.0341496 0.0859616
0 0.173944 0.455761 0.0404236 0.125152
1 0.558626 0.509388 0.0548157 0.0571348
0 0.34740299999999996 0.456883 0.012068699999999998 0.034813
0 0.631913 0.508144 0.013201899999999999 0.0667328
0 0.869405 0.516999 0.0155474 0.05632899999999999
0 0.8837160000000001 0.515558 0.0116227 0.057297
0 0.47355 0.469708 0.0101693 0.04160319999999999
1 0.14801599999999998 0.463674 0.0321193 0.060786
3 0.10188499999999999 0.4493170000000001 0.0162479 0.0608131
0 0.688318 0.505963 0.0123091 0.0277996
0 0.557786 0.496041 0.0152425 0.0853026
0 0.493298 0.485657 0.0124277 0.0235526
0 0.591013 0.47497 0.0118893 0.0327718