4 0.37231000000000003 0.48489699999999997 0.0846205 0.346349
0 0.856952 0.4436919999999999 0.134025 0.403857
0 0.199283 0.499088 0.021090900000000003 0.0811111
0 0.619475 0.427507 0.0166561 0.08353159999999998
0 0.705212 0.410567 0.0252354 0.107858
0 0.927943 0.3837880000000001 0.0320179 0.141662
0 0.9029180000000001 0.38764399999999993 0.0216564 0.146943
0 0.990531 0.380473 0.0181259 0.09866800000000002
1 0.8863397022964645 0.5048609999999968 0.22732059540705868 0.2304929999999984
2 0.398818 0.441331 0.0134733 0.0357597
0 0.796139 0.378433 0.0224274 0.0681868
3 0.028197202220269554 0.5447560611872159 0.02789855085943209 0.059821454914373316