2 0.575517 0.412682 0.203006 0.558231
4 0.799974 0.363447 0.0723167 0.304974
3 0.0374412 0.41890700000000003 0.0748823 0.324243
3 0.9698180000000001 0.379568 0.0245247 0.0682994
0 0.40871900000000005 0.357483 0.0218452 0.0704298
0 0.47195 0.358806 0.0131979 0.0582616
3 0.9862839999999999 0.3820569999999999 0.0158028 0.0699407
0 0.39067299999999994 0.338316 0.0139347 0.0328241
0 0.422542 0.33579100000000006 0.0141781 0.0299764
0 0.449742 0.360606 0.0166626 0.0598217
0 0.5398630737380832 0.32224099471023365 0.01066018311786729 0.03158572775664364