0 0.6984274284309383 0.4939198172369412 0.01903281898837797 0.09436265491238521
0 0.9527549564921118 0.46842735786054107 0.022585279835885336 0.10458599510813635
2 0.5211736713433437 0.500257872382935 0.007418999143067212 0.027538341910226912
0 0.5768247483655149 0.49661715562552294 0.005416760286148501 0.03941822718175563
0 0.7188100582837426 0.49622839544953434 0.021686879792724136 0.09044217556790538
0 0.5641290891580102 0.4944180010406015 0.006396468924287306 0.033459200963401346
0 0.9138705545253265 0.4789386023521697 0.024007921336323467 0.09043995974776874
0 0.9751022629367105 0.4672055589279691 0.022317385137153135 0.1015882658977063
0 0.8158327495184945 0.46680624852442215 0.007941447979501727 0.030275642197386383
0 0.8383771385041047 0.4646826785906471 0.008376003016725848 0.034808397089996515
0 0.8962988226050385 0.4589727986467141 0.009151896531673242 0.029742182403176113