3 0.2476188575830842 0.8119695648779122 0.03417786949302681 0.06890103087647495
3 0.3300558772819492 0.8185290098499144 0.02038131908898543 0.08104272444434671
3 0.3791555180819208 0.8190736470929199 0.020883081008654075 0.08920071383050467
0 0.942912120396902 0.6804664767518337 0.11417575920619609 0.6390670464963326
0 0.7454313088769863 0.8304932513249591 0.16662677964415423 0.31597374510298876
2 0.5367848844178528 0.80416210589971 0.07204729540147597 0.3916757882005795
3 0.3539318783205003 0.8078681935939962 0.013604769801026735 0.056380952865267994
3 0.2450725428712218 0.8149842242714591 0.017271797169989545 0.0728917954156699
3 0.30412144881906306 0.814562976016234 0.023648054038839093 0.06843957086849188
3 0.33807941450486323 0.8141839253080768 0.03541152800253041 0.06756020518639944
3 0.20741523510112228 0.8320017044445909 0.03138755269599869 0.020403142733539756
3 0.17721663006851388 0.8331921709959663 0.037777808907275084 0.021496428922945426
3 0.29978432656006876 0.809549373854516 0.03592088103190622 0.06268975900074092
3 0.4186653375942393 0.8267422741774808 0.03263142306195256 0.01988294595172732