3 0.33323639747950423 0.8207738512858077 0.017612547583863793 0.07478599447039995
3 0.3069968111488172 0.8161861346948333 0.022559000348402213 0.06721431697915728
2 0.5322975365576473 0.8077603106821732 0.07555226312045318 0.384479378635653
3 0.21037326911887808 0.8356553497065975 0.02682717044605926 0.015739641447803356
3 0.18278822998442978 0.8371435579035884 0.03818820294568382 0.0157267818702751
3 0.2505310546840981 0.8166974326674896 0.017488055554565562 0.07015214471127725
3 0.25265585522102624 0.8140333122724881 0.0307596980768223 0.06671556555779228
3 0.37986556966280405 0.8203604847472254 0.02155387847688181 0.08314673152564735
3 0.35092782783500526 0.8104575238544478 0.011887817231824029 0.05348334124867337
0 0.7801770386266097 0.7167381974248923 0.057135193133046845 0.40057224606580827
0 0.6868062869776286 0.8224459792107437 0.11432414059758363 0.2569850339928653
3 0.4145851385224729 0.8279037574077486 0.03133573409258268 0.024820383439669483
3 0.32686420845274644 0.813482555500883 0.018647921442278084 0.05500195011257665
3 0.30215539556955867 0.812660158259986 0.03505907593835688 0.05763902991249327