3 0.9916394246081823 0.8052732247648738 0.016721150783633898 0.06280967967165216
3 0.980486964283908 0.7985585794569354 0.023021741138608817 0.047230704360776754
2 0.7708006206708915 0.7762836302699471 0.013696165234461799 0.039495022919156283
3 0.3725934633471406 0.7997675845686814 0.05026792840045457 0.09100190699410145
3 0.33048403636568646 0.7912633195850723 0.04443886795273843 0.07945504394985542
3 0.29391112520566226 0.7758316038940856 0.022511978602656423 0.06508456101957245
3 0.22465877363562467 0.8164130103364283 0.06631698154077836 0.153294636067896
3 0.1103945455758782 0.7724135815739305 0.05234533533790295 0.09820971032446128
1 0.17684395978208658 0.7992862294533848 0.09728503602495289 0.14649760308840112
3 0.18576411234935455 0.8351456137597304 0.12006293733069494 0.20592632025793567
3 0.028696834272048787 0.8526596410007294 0.057393668544097574 0.2584232455464508
0 0.4483877001129401 0.7716348599029123 0.009932501756807283 0.05067015388979954
3 0.44082564072058844 0.7727864543094993 0.015247609989302429 0.03453104606735753
2 0.48950262790009047 0.8080021224926631 0.07119734028882335 0.38039288346585814
3 0.05552575107296137 0.9835479256080113 0.07081545064377683 0.032904148783977114
3 0.2827766763647857 0.8574661474361714 0.05982506661230649 0.037280546864831364
3 0.2946714883352362 0.8816658006642228 0.09130305252747503 0.04500895239105038
3 0.411562292994638 0.8038140204981338 0.03474853681553692 0.021510998981046345
3 0.39387776979387357 0.7737537783323118 0.010548662961859074 0.037506357197721586
3 0.3861213999689764 0.7712717399883453 0.00806662461789227 0.03364540866266328
3 0.30793719213401793 0.8087780971860673 0.04343567101942148 0.023717255286794744
1 0.36393818226977254 0.7938858671222687 0.05739713670423657 0.06342986879027264
3 0.37479710002462774 0.771547522026565 0.0077563698248963135 0.03309384458622501
3 0.38007143150555756 0.7709959579501278 0.00589484106692068 0.0330938445862224
0 0.46187962943005556 0.7705473736654804 0.009986794396782983 0.04991789018939542
3 0.3505089616568482 0.8757212802573957 0.0330359303582 0.03670658928688894