3 0.33102533198207706 0.8157021683284715 0.0484375 0.10164760072066996
3 0.3805073620913087 0.8257088089077937 0.06440643289805753 0.12261654146730383
2 0.4928977884709485 0.8142231879085532 0.06387952459020725 0.355230265938146
3 0.14213407223154703 0.8679936051448323 0.11309774995714056 0.23166267783179217
1 0.09801309927823548 0.842922536997007 0.15568020328631832 0.21236739558850926
3 0.300723247135176 0.8008612133094374 0.029976321874031733 0.07383941272568892
2 0.8703036372298516 0.7841213529748055 0.01941749861599833 0.048407897567960184
3 0.2341688815018382 0.9612208644742886 0.1475573500153365 0.07755827105142146
3 0.23752656727760862 0.9228288644000935 0.0938843362426885 0.06964820019949382
3 0.31075768935953785 0.8363198166723737 0.04862525844177023 0.024421308258588
3 0.5556307140331758 0.7899006431860304 0.019844090745775908 0.03545443581660312
3 0.07071101993842324 0.8064238246037079 0.08512751392189552 0.11941498480710337
3 0.31811285727393207 0.9394355651066699 0.06384563544142165 0.06148098227692445
3 0.4406114983266166 0.8246462299395826 0.03309971029855605 0.022728078558914143
3 0.41705641348452327 0.8271369782748063 0.010507844539224362 0.018369268972272937
3 0.4155678021748001 0.7950685934588044 0.011383498250825923 0.04576750065973073
3 0.4067445488703164 0.7903615984009954 0.007057382553722135 0.03615081082132494
3 0.40094314117785046 0.7880224282890282 0.00454543283121094 0.03359898888099561
3 0.3954407751190168 0.7889793615166516 0.006937765900268783 0.0380646772765698
1 0.3802177617173339 0.8124667559590827 0.059486557928665126 0.08233878794124885
3 0.46847122985158257 0.7894499096573737 0.010885115464214295 0.03615081082132235
3 0.5634367925305895 0.7885917907446253 0.018243561721216894 0.03291230401375529