3 0.3117796259752162 0.8335710659125478 0.058152793139538334 0.11675361415557378
3 0.3638020833333332 0.8429648313931462 0.07968749999999994 0.1507444776011065
3 0.28899315393105557 0.8107801555704546 0.027994111669920496 0.07545827367937454
1 0.04676883782329608 0.8786663118633055 0.09353767564659216 0.20642065869535065
2 0.4923839629691569 0.8142185250444857 0.062092342929033914 0.3481528835825053
2 0.9184142732677784 0.7683049989289195 0.022489920383424254 0.05146825953550986
3 0.5631478055928085 0.7896745545216737 0.021009660801476995 0.03774824732237222
3 0.2936773289866176 0.8538077488533017 0.05492567826319497 0.02851505909596283
3 0.13318133047210304 0.9756795422031469 0.16979613733905585 0.04864091559370532
3 0.2052038626609442 0.9771101573676677 0.18991416309012885 0.04577968526466359
3 0.3532975412496874 0.8275342129806629 0.049650090840061785 0.1085723426194769
1 0.3722349349933193 0.8240118278193439 0.06374877848842372 0.09158201419429304
3 0.4398979659011671 0.8357209939880852 0.03806560762831802 0.020687620470246183
3 0.41267309595863383 0.840609859522101 0.01577624042390624 0.022797551911234167
3 0.41210862497098616 0.8018077057047748 0.014907823519835474 0.05403482958645896
3 0.3925692446294528 0.7962755683899674 0.009118377492715095 0.03885361555978838
3 0.4007468371427612 0.7953749878968622 0.009263113643393203 0.03859630684747158
3 0.47038885186836504 0.7956663677381188 0.008688236126514799 0.03126823191331099
3 0.5701116854282403 0.7874450907414282 0.018288496602303975 0.03514906253896218
3 0.5778225110227251 0.7845452930819639 0.014729654020233837 0.030403939096202207