3 0.26860742359018813 0.8358823421234319 0.07452577275126568 0.14025881573996643
3 0.3257976284978672 0.8312833633920329 0.05099184897722552 0.1285382210730587
3 0.25579993814512525 0.8092380084821782 0.032079744859606456 0.0844763516014534
2 0.48625072793092267 0.8018158584023952 0.05704246389063322 0.3242056279704204
2 0.9622772800930356 0.7577391206162427 0.028873838462103472 0.059422526281375294
3 0.25361551371823726 0.8603960697866995 0.06909732986821036 0.03560878268211389
3 0.3254995527859916 0.8569708002046009 0.09822567281219786 0.18367822027052688
1 0.34521388083071036 0.8229732236652322 0.07869189749622679 0.11131565906276152
3 0.42772437369082916 0.8352733857989999 0.03910669476014518 0.02500088641480567
3 0.39651354252669757 0.8026604070933806 0.019394644190854037 0.07178913073629559
3 0.3870333246572882 0.8006019373948461 0.018092018834750825 0.0620113996682756
3 0.37943467674669273 0.8004732830386885 0.01707886578000385 0.06021023868205884
3 0.39258225206011815 0.8418085100984427 0.017915874939376762 0.022946019038246133
3 0.5599379823883405 0.7836923972104514 0.01945613918896505 0.040968244649844124
3 0.5656760092554086 0.7808822033722513 0.017863335716681628 0.0370498814864491