3 0.1698549560519635 0.833122714989668 0.0587554676053343 0.12675573493644188
3 0.42431814782777055 0.8498600821039786 0.06271564794960405 0.048298765913419806
3 0.20778912406063285 0.8735214793861178 0.12184436855138699 0.22719360991893073
3 0.12250583426739244 0.9270264191273739 0.12298212939498677 0.06259670862113088
2 0.5204042773167812 0.7940568689172622 0.0565361024811333 0.30181144631344065
1 0.26811053464648743 0.8549997541212552 0.1412255284207786 0.20028183879929884
0 0.47318382935750536 0.7825962304073905 0.013080066794912743 0.08546165924026469
0 0.49149244773150974 0.7759003325374121 0.01857783960441706 0.0987656169683345
3 0.07322961373390557 0.8741058655221745 0.14163090128755365 0.25178826895565093
3 0.26756974248927046 0.8426323319027162 0.04265021459227389 0.1545064377682408
3 0.3608705707602921 0.8690803411098555 0.04871000250035115 0.0435735620385299
3 0.3821230240805093 0.818336446077642 0.021097325923719056 0.11417376382247937
3 0.40151394864275075 0.8340560222561 0.02947420533460736 0.02426881936323331
3 0.37110897892915595 0.8086840747399928 0.023889619060681752 0.0882502522299356
3 0.3613359529497861 0.8086840747399927 0.02916395054161157 0.09266276484143261
1 0.3349642955451372 0.8028926519374052 0.04405618060541354 0.0821830473891245
1 0.5501518223344535 0.7663831770293267 0.014328878917121929 0.021511008349654217
3 0.5875661172847212 0.7733176468262559 0.025155142987836446 0.04500329378414762