0 0.030172844927363957 0.8228185783476144 0.060345689854727914 0.3525109914529205
1 0.07336451594739674 0.8686420000250265 0.055075294986173515 0.1898839241398572
0 0.16289765090321634 0.8007356581568843 0.034640445131096986 0.13487555558911046
0 0.11513925774309083 0.8115530598605969 0.04054737980321466 0.1416253651961191
2 0.5030857524288197 0.7218052331161161 0.01818776337554895 0.09170977363518187
1 0.534351603043959 0.7304174303693167 0.02355969627372776 0.05520613263388181
1 0.4362161255720423 0.74899637343665 0.0151605888538731 0.0243377648810313
0 0.3882145204793367 0.7471954510235435 0.010523119899733403 0.05409784396498542
0 0.29728219558623686 0.74294957239939 0.01418559012795228 0.029888980022681436
0 0.31470770444711654 0.7283164259299525 0.01716281274739903 0.05230571503969265
0 0.4417532369279509 0.7370713869724775 0.008056014146738377 0.041408691073089726