1 0.3465664764617083 0.7575521144056695 0.043309408481006895 0.08703703703703684
4 0.49235679664029797 0.715941544524983 0.00761312013050399 0.03755664962808246
1 0.7520096053084032 0.7345657933293214 0.03743002248943415 0.08079250412329171
1 0.6251849668641953 0.7302485733691008 0.04391522905226799 0.10063766046114228
0 0.5810604425907361 0.73066858727634 0.02761416345389033 0.12881642069074342
0 0.5452405438413093 0.7290636132272236 0.0294731657771279 0.13259729724913538
1 0.7295957407342328 0.7289662701062973 0.03497565066430326 0.08240099999393247
1 0.6736743861297146 0.7333586971578785 0.037483359935991445 0.07982557130704004
2 0.4786657860638225 0.7201602905387141 0.011788356705550113 0.05490988988779573
0 0.06761736185062431 0.7528529546594629 0.017821630255203284 0.06965937807436028
0 0.30114724409815835 0.7265924522980572 0.005737602863560189 0.03363982635323668
0 0.29523895640058656 0.7273522717349501 0.005966097773209053 0.03153239855364175