4 0.1788140976512758 0.5000000000000004 0.3095260202958702 0.9999999999999993
0 0.7982823774937502 0.6181420868116144 0.1725056595764755 0.6777531481394141
0 0.669407630995614 0.5939458252762981 0.10870985237938018 0.668090993412883
0 0.407708139348597 0.48761944039410954 0.04978904139524409 0.2111233937665671
0 0.4430687232007251 0.46556938876152026 0.012574350383661486 0.0639906735344742
0 0.5474039636739227 0.4771234514823663 0.013106352595373832 0.08421204884191087
0 0.47766236350942926 0.46705875414949183 0.013501434003035748 0.0761125293535314
0 0.4896505209523056 0.4639630976202846 0.007819850328845706 0.0499459424452042
0 0.4951532211812119 0.46378165238800173 0.006696416515093128 0.04718762341750269
0 0.502177178270487 0.4657417881421667 0.007635593309222571 0.0430492661334242
2 0.5685773728023764 0.488114562764353 0.03057025710221542 0.17013484890341762