0 0.3911890319968537 0.4948617334304053 0.04076854766234103 0.18923418158352984
2 0.5413454259029504 0.4825226640187563 0.030374393240526 0.15274792216788724
0 0.6031000211303831 0.5280815477145926 0.06016122454770162 0.29995599222127967
0 0.6706973997354436 0.5190147906527696 0.05835718973252285 0.2792508317540579
0 0.33399003474738476 0.49124257778576796 0.031199489588541088 0.14016325969316104
0 0.4223682809090193 0.4775282048885333 0.01776343818196047 0.08198062725996827
0 0.4734775774683537 0.48120368825879134 0.027083333333333334 0.14864673552742555
0 0.5724170452544608 0.4775922145128975 0.012484397598144714 0.09124186237549699
2 0.49978719071691574 0.4745938505357317 0.013510470738876115 0.06989183525656432
0 0.5165977982208865 0.4711739641161746 0.010517505597754488 0.045580420825982196
0 0.48769085260943734 0.4781179857214671 0.011246164956628255 0.07446824318677726
0 0.22672008486288017 0.4803019409204007 0.012781811380004858 0.04700001052275363
0 0.24008956573161966 0.4776588395311007 0.008149891922677432 0.030456446394769854
0 0.071494809641216 0.5020748713906468 0.02479964212138176 0.05698857571613712