0 0.5793526437199027 0.4496724604884386 0.027990114266313128 0.14502953373640998
2 0.4213098483210628 0.48900344584667615 0.12760949368995833 0.34402108411678
0 0.5944523619836273 0.44992380732104614 0.020987503515821827 0.11473998242563424
4 0.723148258097759 0.43298006275576695 0.03318297442644293 0.13811198230626748
2 0.7656074610867034 0.43974369479544295 0.018136197273781962 0.08222521359822223
2 0.8283671853536165 0.43781252749161703 0.01578437589456386 0.06916300988669215
0 0.16976821118026172 0.48609916416539556 0.022654298623268773 0.0884587691088412
0 0.22165897852249145 0.4812458497154586 0.021284768744124216 0.07997487514165783
0 0.5176071218029928 0.4524640131537172 0.011344262036589616 0.05462391581289486
0 0.48759814602381396 0.456755023509571 0.014426536455442385 0.06859766295128837
1 0.032426217070411406 0.7031455544184777 0.06485243414082281 0.26959374759273125
0 0.3360499149814574 0.46552937529528954 0.014413699009138583 0.04391617702852713
0 0.34564290970618816 0.47456240924453796 0.010980697543488915 0.04657699386867839