1 0.033042613364280105 0.6542306403050379 0.0660852267285602 0.3992958327264348
4 0.8458964999800201 0.43130862289955424 0.013386410395880005 0.05144789193365439
2 0.7467433948640598 0.4492779027526846 0.030053761666345272 0.12503825391570783
4 0.6868276436264806 0.4455243324732727 0.046561455605428834 0.1936549549668846
0 0.17035201789013477 0.5460694913190764 0.08672320958034777 0.26150627615062744
0 0.124021732968227 0.5552570716857477 0.07910088552798115 0.36247303343100284
0 0.21080486247409425 0.49878775830275274 0.01923537150655313 0.0801997368601637
0 0.5569855267306876 0.46149304138463426 0.009684133726477742 0.05358891353956951
0 0.5445269059271521 0.4634481463113759 0.014427920404650907 0.06581885581105269
0 0.5242984483674853 0.4643954219017053 0.01269691656987533 0.06525252705396732
0 0.48875828324251785 0.4660435369504934 0.013670465472014379 0.06843857241152887
0 0.47778818473612455 0.4757733905804984 0.011936671123042334 0.06397443608627618
0 0.46935679883692827 0.46341389852176657 0.008228412263267666 0.06310583906072716
0 0.37501136260217294 0.4785071478440452 0.012981508173892072 0.046338722494075044
0 0.6660810551980564 0.44988006381007845 0.02202809030270657 0.12741130165696982
0 0.3846566562536012 0.4853868362811612 0.008597327350273812 0.0441541750335062