0 0.9602510200094602 0.3713543689415975 0.023350735894278062 0.11122725640171822
3 0.19809362974637537 0.4838430810591215 0.08562002263739832 0.17477859409894891
0 0.9835955909186116 0.3666637987329387 0.032808818162768545 0.13177967728511863
4 0.08287195620162696 0.4381555208379293 0.16574391240325392 0.6079372269206418
0 0.299443051895635 0.4237484692628473 0.014658650273015838 0.07437558115672895
0 0.6344577987329941 0.41375765160889766 0.051794254652592624 0.22138275687883502
0 0.7835516066606151 0.379079799953413 0.011647464647215057 0.062377494134029515
0 0.7325427515458028 0.3851727471374759 0.013769911798091372 0.06037045884641366
0 0.7061565988878066 0.3843108419455827 0.012141852274620446 0.07112533106630745
0 0.6934031697250727 0.38963026510370713 0.011815529420625253 0.07008267782085846
2 0.5168658803122144 0.44669991629179207 0.17870819589573939 0.37576215485581055