0 0.7039798573064274 0.3615088328697568 0.021432377664848675 0.10233290544148525
2 0.5014876317759502 0.4154281236062204 0.1298099901853989 0.35653150743760337
2 0.32235073783779183 0.4730223352008943 0.19277593670057858 0.4189352590106459
0 0.027125180393834412 0.4622571440659242 0.041688016208415404 0.12457947278775647
4 0.8017705379955317 0.3407461143090144 0.020275779275551936 0.10035915249985235
4 0.7748916967318178 0.3513142894743295 0.0301435877685454 0.15910330194101688
0 0.8191195238653891 0.34657198966961 0.012496738969479204 0.05546891541039923
0 0.6897219593925715 0.36646034004372097 0.012052511753215043 0.08311897275785504
0 0.4432100278616563 0.3993102144152117 0.015956803924037574 0.07284532710452261
0 0.4294209371077957 0.40800685433269457 0.010564312246638626 0.06642115807091468
0 0.4178620195935158 0.400241279273835 0.011622857179237228 0.07703873575745412
0 0.4633692002116962 0.3925985811027857 0.01122294363840517 0.0668863617012144
1 0.7629027863398556 0.37193268187712986 0.019964904624525416 0.07098632755386816