0 0.8999230741196201 0.4011285051784348 0.01845652208785351 0.08195191583711466
0 0.8844389931410994 0.39216305375302 0.020951866338209887 0.0978279513113847
0 0.7515676646338326 0.4143358689875012 0.017864862840633867 0.06363638632763831
0 0.7665905380169827 0.41522310249874067 0.018564159894717682 0.05902490776335923
0 0.2565848938714356 0.4309284304555709 0.02011137364542119 0.0896868790816523
0 0.4383935096094729 0.44046102422583844 0.019303073053461635 0.12241047009793082
0 0.38498600694462987 0.4140422850458898 0.012826528998156844 0.06197451252456339
0 0.28707956476865465 0.4365765018051506 0.022156598083938592 0.10362470488488192
3 0.3551801954647537 0.4805170118256808 0.06080946737729464 0.1697248051777834
0 0.007090406009104067 0.4281144745251178 0.014180812018208134 0.07043842033916178
2 0.18964832130193254 0.4783403334305038 0.3196782605537116 0.5624940481729328
4 0.9430873116705876 0.371333347563741 0.11382537665882511 0.4828200413825528