0 0.3042284446053633 0.49897741986957 0.07877722623011005 0.3583721131468936
1 0.9300437152084301 0.5209025590019709 0.13991256958313816 0.21383305041091602
2 0.7890408479467486 0.42972117349897204 0.08940189577437231 0.16838322286727025
4 0.6004181648886227 0.4309363310015529 0.058982236905521186 0.1742043064456069
0 0.38687402956513395 0.43805340038978 0.03338770606888919 0.15666314719257748
0 0.3611292128590284 0.4722116583184545 0.04850636288622424 0.24044895051818574
2 0.5383134074069402 0.44047903809366235 0.016323156762144818 0.07898008119522368
2 0.5084411611186352 0.4406396905892783 0.02150684502651211 0.10673940632082432
2 0.6272279914478571 0.43590754930794495 0.010985473836460534 0.04160681878157257
0 0.6670858764613627 0.42645068580376055 0.008537627406480728 0.026202028438135763
0 0.47261112793609317 0.45208511558365183 0.008026277446689762 0.039064140869864365
0 0.4965583819573645 0.4457693562813393 0.0077631208090936385 0.048420821317734196
0 0.4893873635828628 0.4479915678877078 0.0065789159399098195 0.044912066149784095
0 0.48340055007754484 0.45302078362843884 0.0056578677083223994 0.03672497075789643