3 0.013802083333333333 0.7310185185185185 0.030729166666666665 0.07314814814814814
2 0.2561167185932913 0.6525236489327899 0.018193398178817093 0.053859575476091555
0 0.22998275934846427 0.6597451459136413 0.011657785293828422 0.045108904202580936
0 0.21862175514647603 0.6614630440774786 0.010075411344150636 0.04916738761406175
0 0.3634011670569262 0.623023960941886 0.014242715050477585 0.0535546994905798
0 0.3524265292201886 0.6283637433710727 0.010931665288473846 0.05191367833920073
0 0.4653699314396903 0.6015974067225054 0.012596114276423905 0.05779133723337597
0 0.4859629560666864 0.6017820580014142 0.011178076919108524 0.05193675437683648
0 0.5205372644753431 0.5901518390970597 0.008750829399216327 0.051139443596366414
0 0.5130610650838254 0.5960729819599598 0.006475051357748462 0.03936893017056127
0 0.4972318859099729 0.6100846166663512 0.008315859750295028 0.03351145164561756
0 0.5087661683680561 0.5931924869530545 0.008699392978393235 0.046010122863501264
0 0.49778318473283484 0.5979288231301797 0.008916877802852951 0.04427024426782275