0 0.4693071529480972 0.5334834871384657 0.014160399429923335 0.0707649533303569
0 0.22983210340302332 0.572509787756796 0.012262791751309865 0.049479947171237215
0 0.24320323265638077 0.5705245424830896 0.013626253386391013 0.047056015375538295
0 0.15123470054952942 0.5946291706228897 0.018162170752433433 0.056276249664575485
0 0.04755754244214673 0.6104835403282248 0.016352785527308993 0.06137341728767815
0 0.06391032796945569 0.605638270542355 0.018169761697009987 0.06783377700217098
0 0.6331885833755213 0.5032964562079553 0.009535868919346 0.04558380797000797
0 0.6380624719342979 0.5010361020937402 0.007840603333684228 0.04935106482703361
2 0.4275542298932078 0.5281406016026164 0.007960488287290915 0.03679514586125542
0 0.43914512832053026 0.5209110233202918 0.005401638597955411 0.023570786609259854
0 0.44790446384880606 0.5176988836395205 0.00424095407696714 0.020298583616250587