4 0.2715969529858419 0.4742005718138136 0.08597682028265406 0.38288860559384347
1 0.1477978930594901 0.4633341202392193 0.03419942162417376 0.0619635924876715
0 0.7852824008498588 0.5199992130941138 0.03433368744098194 0.08592749973769799
0 0.34809962228517477 0.4568893610324205 0.010782577903682705 0.03556027699087173
0 0.1743500649197354 0.4574992130941136 0.03955234891407001 0.12385374042597826
1 0.5589932786601173 0.5096084907958427 0.054630797169148704 0.05759993028665207
3 0.10145184135977332 0.4494806421152028 0.01699716713881028 0.05854579792256848
0 0.17076841359773373 0.4584513692162418 0.014341359773371117 0.1161473087818698
0 0.632613314447592 0.5056657223796034 0.013810198300283693 0.07082152974504256
0 0.6883852691218131 0.506137865911237 0.011685552407932107 0.026440037771482638
0 0.5903859773371104 0.4995278564683662 0.011154390934844433 0.022662889518413824
0 0.5917138810198301 0.47403210576015115 0.012747875354107591 0.03210576015108593
0 0.49557365439093487 0.48536355051935787 0.010623229461756338 0.024551463644948014
0 0.4743271954674222 0.4688385269121813 0.011685552407931964 0.040604343720491015
0 0.8846494334277623 0.5151085930122757 0.012216713881019955 0.05193578847969782
0 0.869776912181303 0.5169971671388102 0.015403682719546764 0.05760151085930126
0 0.5593087215767074 0.49608574927050364 0.017611573773516086 0.08337055078315657