4 0.5014920869098707 0.4797130821808935 0.16046807939914182 0.5122953425528531
0 0.8396492757510728 0.45589135272611636 0.1636869635193133 0.42306866952789673
0 0.5921038554132411 0.404391505581869 0.012414345393910358 0.08177240994671346
0 0.013680257510729613 0.4427753934191702 0.011266094420600857 0.03576537911301862
0 0.10018776824034333 0.44206008583690987 0.013680257510729614 0.042918454935622276
0 0.224310692817233 0.43397523016699596 0.014813218754601938 0.05953994715890725
0 0.5963777901333812 0.41504780339243125 0.023538100380217548 0.07634970571672878
0 0.5356742681001893 0.40440289249923367 0.011975524754847556 0.024226348929346598
0 0.42211325749387646 0.41394660571382474 0.01280142301380244 0.027162876072297927
0 0.3275479068435295 0.41871846232112037 0.015279117790667485 0.02496048071508447
0 0.28171055347152707 0.4271609778571047 0.011149626495892519 0.03156766678672447
0 0.2936860782263746 0.4176172646425136 0.011149626495892448 0.0315676667867244
0 0.31571753726091745 0.434491075544265 0.019856306751735532 0.0424704338856565
0 0.4050709176437273 0.4267691784741457 0.014271720477809922 0.04908920280290175
0 0.3886274136149464 0.42263244790086757 0.012410191719834662 0.036403229044848405