4 0.8012709361120797 0.3662825196402196 0.07646861587982828 0.30893122931749517
0 0.472395529261619 0.35898146603656855 0.01440707935021051 0.05804849245194349
0 0.3908413748902921 0.3382693329432645 0.012884656818559874 0.031182545282693513
2 0.5748122317596557 0.4105229693212526 0.20312499999999975 0.5594341122238119
0 0.44975251000747596 0.35934859840056943 0.018205033308021968 0.05789143612191026
0 0.4235988001846838 0.33792420865466566 0.01666657978903416 0.032364503658705746
0 0.4073168337753965 0.3579810841614689 0.01897426006751581 0.06974322619411262
3 0.0374195278969957 0.41487839771101576 0.07322961373390557 0.31759656652360524
3 0.012070815450643774 0.5200286123032903 0.024141630901287556 0.08726752503576535
3 0.9870835706536373 0.3815805300913306 0.017038694031371097 0.07035331729082266
3 0.9686707883939298 0.3791377065742879 0.02308468223605191 0.06937618788400587