4 0.34440504965798474 0.5475035809289953 0.029907836753486093 0.08826916893215236
4 0.7648902500179497 0.5138119289501066 0.05024425664539918 0.12222222222222229
2 0.5020833333333333 0.5338247975678914 0.053565673506972125 0.13324782951854822
0 0.09464248730260451 0.558073205022116 0.013417521704814557 0.046785274730370946
0 0.13780651885288092 0.5511568228147685 0.010351839079086302 0.056089405808297604
0 0.1712707182320442 0.5528369727264755 0.025256511444356776 0.05893186003683248
0 0.1835043409629045 0.5528369727264756 0.008681925808997626 0.06173813908620538
0 0.46882399368587213 0.5019295364450751 0.009471191791633799 0.051916162413400004
0 0.48026835043409627 0.503552195417792 0.010260457774269916 0.050862810778025305
0 0.7225730071033936 0.5149522055599405 0.022888713496448436 0.10102604577742676
2 0.6045478464091949 0.4817825063118383 0.009033662240345847 0.034127168463528576