4 0.3735557304126194 0.48400648369650895 0.08303505532362805 0.3474228025890032
0 0.9304834298988589 0.37730107766271076 0.027006061852756287 0.14450214646530282
0 0.19932203139754484 0.5001468890987304 0.02439654154863078 0.08303955513587265
0 0.6195467042961151 0.42904027888529195 0.018482630582527207 0.08423178495505472
0 0.7113385541262092 0.4079266956850045 0.016022198964409783 0.10648423489392979
0 0.7965033056715178 0.4004327352463097 0.02113470893204358 0.10906418571737148
0 0.8583449324676389 0.43629382420711516 0.13159777213595364 0.42454939748291265
0 0.16526919810374452 0.49255691684875186 0.010587422838264936 0.0432507486158908
0 0.1509649140563015 0.4941587964271183 0.012164273048219307 0.042449808826707736
2 0.40146480262770184 0.4411087497255188 0.017090127839801 0.037844805508799054
0 0.7038401346704961 0.41205886380679274 0.025185451553390976 0.09914272992445944
0 0.9039055092516454 0.3806103634544104 0.024285971140769788 0.12792610312833466
0 0.9904055422653739 0.3806103634544102 0.01858926186083714 0.10553903508087638
1 0.8865155546076338 0.5040057504302813 0.22636923717630708 0.23613026535771747